{
 "cells": [
  {
   "cell_type": "markdown",
   "metadata": {
    "id": "0S9X2-uQQKv2"
   },
   "source": [
    "## **MACHINE LEARNING PROJECT**\n",
    "\n",
    "**GROUP MEMBERS:**\n",
    "\n",
    "**Muhammad Kashif** cs172032 lead.\n",
    "\n",
    "**Vishal Kumar** cs172062.\n",
    "\n",
    "**Jawad Shaikh** cs172038.\n",
    "\n",
    "\n",
    "\n",
    "**PROJECT TITLE:**\n",
    "\n",
    "# **HR DATA ANALYSIS & PREDICATION**\n",
    "\n",
    "\n",
    "A company which is active in Big Data and Data Science wants to hire data scientists among people who successfully pass some courses which conduct by the company. Many people signup for their training. Company wants to know which of these candidates are really wants to work for the company after training or looking for a new employment because it helps to reduce the cost and time as well as the quality of training or planning the courses and categorization of candidates. Information related to demographics, education, experience are in hands from candidates signup and enrollment.\n",
    "\n",
    "So this dataset designed to understand the factors that lead a person will work for the company , by model(s) that uses the current credentials/ demographics/ \n",
    "experience to predict the probability of a candidate to look for a new job or will work for the company."
   ]
  },
  {
   "cell_type": "markdown",
   "metadata": {
    "id": "4_O85jXMY0VT"
   },
   "source": [
    "# **Packages for the notebook**"
   ]
  },
  {
   "cell_type": "markdown",
   "metadata": {
    "id": "5vRerEPcR2_f"
   },
   "source": [
    "## **Packages for EDA**"
   ]
  },
  {
   "cell_type": "code",
   "execution_count": 1,
   "metadata": {
    "colab": {
     "base_uri": "https://localhost:8080/"
    },
    "id": "tPbhaKgSQbPV",
    "outputId": "47fad0ee-4486-4816-afe9-826c3cc71dd7"
   },
   "outputs": [
    {
     "name": "stdout",
     "output_type": "stream",
     "text": [
      "Drive already mounted at /content/drive; to attempt to forcibly remount, call drive.mount(\"/content/drive\", force_remount=True).\n"
     ]
    }
   ],
   "source": [
    "from google.colab import drive\n",
    "drive.mount('/content/drive')"
   ]
  },
  {
   "cell_type": "code",
   "execution_count": 2,
   "metadata": {
    "id": "u81aSonOS1X1"
   },
   "outputs": [],
   "source": [
    "import pandas as pd\n",
    "import numpy as np\n",
    "import seaborn as sns\n",
    "import plotly.express as px\n",
    "import plotly\n",
    "import matplotlib.pyplot as plt\n",
    "import plotly.graph_objects as go"
   ]
  },
  {
   "cell_type": "markdown",
   "metadata": {
    "id": "34yo6zXTRGWO"
   },
   "source": [
    "## **Packages for feature selection**\n",
    "\n"
   ]
  },
  {
   "cell_type": "code",
   "execution_count": 3,
   "metadata": {
    "colab": {
     "base_uri": "https://localhost:8080/"
    },
    "id": "aAH8eayISGcQ",
    "outputId": "6a1c9b7b-5de8-42d3-ff2f-5467ae449aba"
   },
   "outputs": [
    {
     "name": "stderr",
     "output_type": "stream",
     "text": [
      "/usr/local/lib/python3.6/dist-packages/sklearn/externals/six.py:31: FutureWarning:\n",
      "\n",
      "The module is deprecated in version 0.21 and will be removed in version 0.23 since we've dropped support for Python 2.7. Please rely on the official version of six (https://pypi.org/project/six/).\n",
      "\n",
      "/usr/local/lib/python3.6/dist-packages/sklearn/utils/deprecation.py:144: FutureWarning:\n",
      "\n",
      "The sklearn.neighbors.base module is  deprecated in version 0.22 and will be removed in version 0.24. The corresponding classes / functions should instead be imported from sklearn.neighbors. Anything that cannot be imported from sklearn.neighbors is now part of the private API.\n",
      "\n"
     ]
    }
   ],
   "source": [
    "from sklearn.preprocessing import LabelEncoder\n",
    "from sklearn.linear_model import LinearRegression\n",
    "from sklearn.feature_selection import SelectKBest\n",
    "from sklearn.feature_selection import f_classif\n",
    "from collections import defaultdict\n",
    "import copy\n",
    "from sklearn.tree import DecisionTreeClassifier\n",
    "from sklearn.model_selection import train_test_split\n",
    "from sklearn.metrics import accuracy_score\n",
    "from xgboost import XGBClassifier\n",
    "from sklearn.ensemble import RandomForestClassifier\n",
    "from lightgbm import LGBMClassifier\n",
    "\n",
    "\n",
    "from collections import Counter\n",
    "from sklearn.datasets import make_classification\n",
    "from imblearn.over_sampling import SMOTE "
   ]
  },
  {
   "cell_type": "markdown",
   "metadata": {
    "id": "B4HddSlYSYvd"
   },
   "source": [
    "# **Importing the data**"
   ]
  },
  {
   "cell_type": "code",
   "execution_count": 4,
   "metadata": {
    "id": "o2G9EeE1Scvm"
   },
   "outputs": [],
   "source": [
    "data=pd.read_csv('/content/drive/MyDrive/ML project/data/aug_train.csv')\n",
    "test=pd.read_csv('/content/drive/MyDrive/ML project/data/aug_test.csv')\n"
   ]
  },
  {
   "cell_type": "markdown",
   "metadata": {
    "id": "MxnVt-cIzm5G"
   },
   "source": [
    "# **First look at the data**"
   ]
  },
  {
   "cell_type": "code",
   "execution_count": 5,
   "metadata": {
    "colab": {
     "base_uri": "https://localhost:8080/",
     "height": 204
    },
    "id": "8_d9gfqyzpJT",
    "outputId": "34d7b12f-8cd6-4bfe-c683-a747d1b7f340"
   },
   "outputs": [
    {
     "data": {
      "text/html": [
       "<div>\n",
       "<style scoped>\n",
       "    .dataframe tbody tr th:only-of-type {\n",
       "        vertical-align: middle;\n",
       "    }\n",
       "\n",
       "    .dataframe tbody tr th {\n",
       "        vertical-align: top;\n",
       "    }\n",
       "\n",
       "    .dataframe thead th {\n",
       "        text-align: right;\n",
       "    }\n",
       "</style>\n",
       "<table border=\"1\" class=\"dataframe\">\n",
       "  <thead>\n",
       "    <tr style=\"text-align: right;\">\n",
       "      <th></th>\n",
       "      <th>enrollee_id</th>\n",
       "      <th>city</th>\n",
       "      <th>city_development_index</th>\n",
       "      <th>gender</th>\n",
       "      <th>relevent_experience</th>\n",
       "      <th>enrolled_university</th>\n",
       "      <th>education_level</th>\n",
       "      <th>major_discipline</th>\n",
       "      <th>experience</th>\n",
       "      <th>company_size</th>\n",
       "      <th>company_type</th>\n",
       "      <th>last_new_job</th>\n",
       "      <th>training_hours</th>\n",
       "      <th>target</th>\n",
       "    </tr>\n",
       "  </thead>\n",
       "  <tbody>\n",
       "    <tr>\n",
       "      <th>0</th>\n",
       "      <td>8949</td>\n",
       "      <td>city_103</td>\n",
       "      <td>0.920</td>\n",
       "      <td>Male</td>\n",
       "      <td>Has relevent experience</td>\n",
       "      <td>no_enrollment</td>\n",
       "      <td>Graduate</td>\n",
       "      <td>STEM</td>\n",
       "      <td>&gt;20</td>\n",
       "      <td>NaN</td>\n",
       "      <td>NaN</td>\n",
       "      <td>1</td>\n",
       "      <td>36</td>\n",
       "      <td>1.0</td>\n",
       "    </tr>\n",
       "    <tr>\n",
       "      <th>1</th>\n",
       "      <td>29725</td>\n",
       "      <td>city_40</td>\n",
       "      <td>0.776</td>\n",
       "      <td>Male</td>\n",
       "      <td>No relevent experience</td>\n",
       "      <td>no_enrollment</td>\n",
       "      <td>Graduate</td>\n",
       "      <td>STEM</td>\n",
       "      <td>15</td>\n",
       "      <td>50-99</td>\n",
       "      <td>Pvt Ltd</td>\n",
       "      <td>&gt;4</td>\n",
       "      <td>47</td>\n",
       "      <td>0.0</td>\n",
       "    </tr>\n",
       "    <tr>\n",
       "      <th>2</th>\n",
       "      <td>11561</td>\n",
       "      <td>city_21</td>\n",
       "      <td>0.624</td>\n",
       "      <td>NaN</td>\n",
       "      <td>No relevent experience</td>\n",
       "      <td>Full time course</td>\n",
       "      <td>Graduate</td>\n",
       "      <td>STEM</td>\n",
       "      <td>5</td>\n",
       "      <td>NaN</td>\n",
       "      <td>NaN</td>\n",
       "      <td>never</td>\n",
       "      <td>83</td>\n",
       "      <td>0.0</td>\n",
       "    </tr>\n",
       "    <tr>\n",
       "      <th>3</th>\n",
       "      <td>33241</td>\n",
       "      <td>city_115</td>\n",
       "      <td>0.789</td>\n",
       "      <td>NaN</td>\n",
       "      <td>No relevent experience</td>\n",
       "      <td>NaN</td>\n",
       "      <td>Graduate</td>\n",
       "      <td>Business Degree</td>\n",
       "      <td>&lt;1</td>\n",
       "      <td>NaN</td>\n",
       "      <td>Pvt Ltd</td>\n",
       "      <td>never</td>\n",
       "      <td>52</td>\n",
       "      <td>1.0</td>\n",
       "    </tr>\n",
       "    <tr>\n",
       "      <th>4</th>\n",
       "      <td>666</td>\n",
       "      <td>city_162</td>\n",
       "      <td>0.767</td>\n",
       "      <td>Male</td>\n",
       "      <td>Has relevent experience</td>\n",
       "      <td>no_enrollment</td>\n",
       "      <td>Masters</td>\n",
       "      <td>STEM</td>\n",
       "      <td>&gt;20</td>\n",
       "      <td>50-99</td>\n",
       "      <td>Funded Startup</td>\n",
       "      <td>4</td>\n",
       "      <td>8</td>\n",
       "      <td>0.0</td>\n",
       "    </tr>\n",
       "  </tbody>\n",
       "</table>\n",
       "</div>"
      ],
      "text/plain": [
       "   enrollee_id      city  ...  training_hours target\n",
       "0         8949  city_103  ...              36    1.0\n",
       "1        29725   city_40  ...              47    0.0\n",
       "2        11561   city_21  ...              83    0.0\n",
       "3        33241  city_115  ...              52    1.0\n",
       "4          666  city_162  ...               8    0.0\n",
       "\n",
       "[5 rows x 14 columns]"
      ]
     },
     "execution_count": 5,
     "metadata": {
      "tags": []
     },
     "output_type": "execute_result"
    }
   ],
   "source": [
    "data.head()"
   ]
  },
  {
   "cell_type": "code",
   "execution_count": 5,
   "metadata": {
    "id": "UgmbCC_6zvfp"
   },
   "outputs": [],
   "source": []
  },
  {
   "cell_type": "markdown",
   "metadata": {
    "id": "yI7vQ72nzy7c"
   },
   "source": [
    "# **Let's Look at a heatmap for the data**"
   ]
  },
  {
   "cell_type": "code",
   "execution_count": 6,
   "metadata": {
    "id": "TTc0CEdmz7Mt"
   },
   "outputs": [],
   "source": [
    "df_train=copy.deepcopy(data)\n",
    "df_test=copy.deepcopy(test)\n",
    "cols=['city_development_index','training_hours','enrollee_id','target']\n",
    "for i in df_train.columns:\n",
    "    if i not in cols:\n",
    "        df_train[i]=df_train[i].map(str)\n",
    "        df_test[i]=df_test[i].map(str)\n",
    "df_train.drop(columns=cols,inplace=True)\n",
    "df_test.drop(columns=['city_development_index','training_hours','enrollee_id'],inplace=True)"
   ]
  },
  {
   "cell_type": "code",
   "execution_count": 7,
   "metadata": {
    "id": "jHomPyVZ0GWM"
   },
   "outputs": [],
   "source": [
    "d = defaultdict(LabelEncoder)\n",
    "df_train = df_train.apply(lambda x: d[x.name].fit_transform(x))\n",
    "df_test=df_test.apply(lambda x: d[x.name].transform(x))"
   ]
  },
  {
   "cell_type": "code",
   "execution_count": 8,
   "metadata": {
    "id": "x9UJEV1o0ijP"
   },
   "outputs": [],
   "source": [
    "df_train[cols]=data[cols]\n",
    "df_test[['city_development_index','training_hours','enrollee_id']]=test[['city_development_index','training_hours','enrollee_id']]"
   ]
  },
  {
   "cell_type": "code",
   "execution_count": 9,
   "metadata": {
    "colab": {
     "base_uri": "https://localhost:8080/",
     "height": 542
    },
    "id": "P-KMWgxjhlCu",
    "outputId": "4a488564-0ef3-4bc2-e23d-47a485364b1d"
   },
   "outputs": [
    {
     "data": {
      "text/html": [
       "<html>\n",
       "<head><meta charset=\"utf-8\" /></head>\n",
       "<body>\n",
       "    <div>\n",
       "            <script src=\"https://cdnjs.cloudflare.com/ajax/libs/mathjax/2.7.5/MathJax.js?config=TeX-AMS-MML_SVG\"></script><script type=\"text/javascript\">if (window.MathJax) {MathJax.Hub.Config({SVG: {font: \"STIX-Web\"}});}</script>\n",
       "                <script type=\"text/javascript\">window.PlotlyConfig = {MathJaxConfig: 'local'};</script>\n",
       "        <script src=\"https://cdn.plot.ly/plotly-latest.min.js\"></script>    \n",
       "            <div id=\"4981e272-08d4-497b-a98d-96f313a22b6e\" class=\"plotly-graph-div\" style=\"height:525px; width:100%;\"></div>\n",
       "            <script type=\"text/javascript\">\n",
       "                \n",
       "                    window.PLOTLYENV=window.PLOTLYENV || {};\n",
       "                    \n",
       "                if (document.getElementById(\"4981e272-08d4-497b-a98d-96f313a22b6e\")) {\n",
       "                    Plotly.newPlot(\n",
       "                        '4981e272-08d4-497b-a98d-96f313a22b6e',\n",
       "                        [{\"hoverongaps\": false, \"type\": \"heatmap\", \"x\": [\"city\", \"gender\", \"relevent_experience\", \"enrolled_university\", \"education_level\", \"major_discipline\", \"experience\", \"company_size\", \"company_type\", \"last_new_job\", \"city_development_index\", \"training_hours\", \"enrollee_id\", \"target\"], \"y\": [\"city\", \"gender\", \"relevent_experience\", \"enrolled_university\", \"education_level\", \"major_discipline\", \"experience\", \"company_size\", \"company_type\", \"last_new_job\", \"city_development_index\", \"training_hours\", \"enrollee_id\", \"target\"], \"z\": [[1.0, 0.04954612794212606, 0.006153963931920342, -0.07924500879972399, 0.0064480064595995815, 0.10503757305012743, -0.04254508923568509, 0.026963327838544326, 0.01946479642974684, 0.0017631074053478235, -0.32610375234935596, 0.009536756578215804, -0.01156574399720774, 0.056232754591972245], [0.04954612794212606, 1.0, 0.09913656011331798, -0.10490110468894544, 0.05919520328009287, 0.0658746048370449, 0.0018154479275064475, 0.0614699491030205, 0.04437348714354881, 0.06702679225312431, -0.1548681303830181, 0.0010567448039221095, -0.050802748985937056, 0.06767564982379153], [0.006153963931920342, 0.09913656011331798, 1.0, -0.3758098575485193, 0.11121412726935087, 0.09572274384977485, -0.008234934284662234, 0.3437540815660014, 0.1882818366065806, 0.22855453827002536, -0.05980755318525731, -0.011566227609480473, 0.04335921740651826, 0.1284304448054821], [-0.07924500879972399, -0.10490110468894544, -0.3758098575485193, 1.0, 0.056155468560181006, -0.14636340409334309, 0.024657454485028162, -0.20825531318956908, -0.09379699451456965, -0.05062661614963904, 0.1716118221639062, 0.002530144907947975, -0.03520773491752368, -0.14947518536375903], [0.0064480064595995815, 0.05919520328009287, 0.11121412726935087, 0.056155468560181006, 1.0, 0.19004790099015625, 0.015182630595010958, 0.08405667612261297, 0.036839951696761346, 0.1218643728407742, 0.039748509258900645, -0.005851622008338315, -0.023729040755311133, -0.0757538403217435], [0.10503757305012743, 0.0658746048370449, 0.09572274384977485, -0.14636340409334309, 0.19004790099015625, 1.0, -0.004303996425089386, 0.07381449665590775, 0.05910244750102834, 0.09601593259988786, -0.10125952985729991, 0.007496785431763909, -0.017802094087575385, -0.005512675801435059], [-0.04254508923568509, 0.0018154479275064475, -0.008234934284662234, 0.024657454485028162, 0.015182630595010958, -0.004303996425089386, 1.0, 0.029438647008130016, 0.0178628175430007, 0.05631032322275071, 0.03514148679341424, -0.005201696991458488, -0.00027187378892108726, -0.006335369592423383], [0.026963327838544326, 0.0614699491030205, 0.3437540815660014, -0.20825531318956908, 0.08405667612261297, 0.07381449665590775, 0.029438647008130016, 1.0, 0.3416612761047672, 0.19466824786771558, -0.056537334429269, -0.00312355892533098, 0.020813797487253975, 0.1861137397711963], [0.01946479642974684, 0.04437348714354881, 0.1882818366065806, -0.09379699451456965, 0.036839951696761346, 0.05910244750102834, 0.0178628175430007, 0.3416612761047672, 1.0, 0.1717322310439994, -0.030946390712174858, -0.013025016075991021, 0.025567196274586007, 0.11822568245955276], [0.0017631074053478235, 0.06702679225312431, 0.22855453827002536, -0.05062661614963904, 0.1218643728407742, 0.09601593259988786, 0.05631032322275071, 0.19466824786771558, 0.1717322310439994, 1.0, -0.02409341649601709, -0.012885244578281687, -0.03490319647171444, -0.0016871886498433996], [-0.32610375234935596, -0.1548681303830181, -0.05980755318525731, 0.1716118221639062, 0.039748509258900645, -0.10125952985729991, 0.03514148679341424, -0.056537334429269, -0.030946390712174858, -0.02409341649601709, 1.0, 0.0019197234754896764, -0.04045502520823866, -0.3416650855451506], [0.009536756578215804, 0.0010567448039221095, -0.011566227609480473, 0.002530144907947975, -0.005851622008338315, 0.007496785431763909, -0.005201696991458488, -0.00312355892533098, -0.013025016075991021, -0.012885244578281687, 0.0019197234754896764, 1.0, 0.0009976088521402653, -0.021577249713608984], [-0.01156574399720774, -0.050802748985937056, 0.04335921740651826, -0.03520773491752368, -0.023729040755311133, -0.017802094087575385, -0.00027187378892108726, 0.020813797487253975, 0.025567196274586007, -0.03490319647171444, -0.04045502520823866, 0.0009976088521402653, 1.0, 0.049474762597292464], [0.056232754591972245, 0.06767564982379153, 0.1284304448054821, -0.14947518536375903, -0.0757538403217435, -0.005512675801435059, -0.006335369592423383, 0.1861137397711963, 0.11822568245955276, -0.0016871886498433996, -0.3416650855451506, -0.021577249713608984, 0.049474762597292464, 1.0]]}],\n",
       "                        {\"template\": {\"data\": {\"bar\": [{\"error_x\": {\"color\": \"#2a3f5f\"}, \"error_y\": {\"color\": \"#2a3f5f\"}, \"marker\": {\"line\": {\"color\": \"#E5ECF6\", \"width\": 0.5}}, \"type\": \"bar\"}], \"barpolar\": [{\"marker\": {\"line\": {\"color\": \"#E5ECF6\", \"width\": 0.5}}, \"type\": \"barpolar\"}], \"carpet\": [{\"aaxis\": {\"endlinecolor\": \"#2a3f5f\", \"gridcolor\": \"white\", \"linecolor\": \"white\", \"minorgridcolor\": \"white\", \"startlinecolor\": \"#2a3f5f\"}, \"baxis\": {\"endlinecolor\": \"#2a3f5f\", \"gridcolor\": \"white\", \"linecolor\": \"white\", \"minorgridcolor\": \"white\", \"startlinecolor\": \"#2a3f5f\"}, \"type\": \"carpet\"}], \"choropleth\": [{\"colorbar\": {\"outlinewidth\": 0, \"ticks\": \"\"}, \"type\": \"choropleth\"}], \"contour\": [{\"colorbar\": {\"outlinewidth\": 0, \"ticks\": \"\"}, \"colorscale\": [[0.0, \"#0d0887\"], [0.1111111111111111, \"#46039f\"], [0.2222222222222222, \"#7201a8\"], [0.3333333333333333, \"#9c179e\"], [0.4444444444444444, \"#bd3786\"], [0.5555555555555556, \"#d8576b\"], [0.6666666666666666, \"#ed7953\"], [0.7777777777777778, \"#fb9f3a\"], [0.8888888888888888, \"#fdca26\"], [1.0, \"#f0f921\"]], \"type\": \"contour\"}], \"contourcarpet\": [{\"colorbar\": {\"outlinewidth\": 0, \"ticks\": \"\"}, \"type\": \"contourcarpet\"}], \"heatmap\": [{\"colorbar\": {\"outlinewidth\": 0, \"ticks\": \"\"}, \"colorscale\": [[0.0, \"#0d0887\"], [0.1111111111111111, \"#46039f\"], [0.2222222222222222, \"#7201a8\"], [0.3333333333333333, \"#9c179e\"], [0.4444444444444444, \"#bd3786\"], [0.5555555555555556, \"#d8576b\"], [0.6666666666666666, \"#ed7953\"], [0.7777777777777778, \"#fb9f3a\"], [0.8888888888888888, \"#fdca26\"], [1.0, \"#f0f921\"]], \"type\": \"heatmap\"}], \"heatmapgl\": [{\"colorbar\": {\"outlinewidth\": 0, \"ticks\": \"\"}, \"colorscale\": [[0.0, \"#0d0887\"], [0.1111111111111111, \"#46039f\"], [0.2222222222222222, \"#7201a8\"], [0.3333333333333333, \"#9c179e\"], [0.4444444444444444, \"#bd3786\"], [0.5555555555555556, \"#d8576b\"], [0.6666666666666666, \"#ed7953\"], [0.7777777777777778, \"#fb9f3a\"], [0.8888888888888888, \"#fdca26\"], [1.0, \"#f0f921\"]], \"type\": \"heatmapgl\"}], \"histogram\": [{\"marker\": {\"colorbar\": {\"outlinewidth\": 0, \"ticks\": \"\"}}, \"type\": \"histogram\"}], \"histogram2d\": [{\"colorbar\": {\"outlinewidth\": 0, \"ticks\": \"\"}, \"colorscale\": [[0.0, \"#0d0887\"], [0.1111111111111111, \"#46039f\"], [0.2222222222222222, \"#7201a8\"], [0.3333333333333333, \"#9c179e\"], [0.4444444444444444, \"#bd3786\"], [0.5555555555555556, \"#d8576b\"], [0.6666666666666666, \"#ed7953\"], [0.7777777777777778, \"#fb9f3a\"], [0.8888888888888888, \"#fdca26\"], [1.0, \"#f0f921\"]], \"type\": \"histogram2d\"}], \"histogram2dcontour\": [{\"colorbar\": {\"outlinewidth\": 0, \"ticks\": \"\"}, \"colorscale\": [[0.0, \"#0d0887\"], [0.1111111111111111, \"#46039f\"], [0.2222222222222222, \"#7201a8\"], [0.3333333333333333, \"#9c179e\"], [0.4444444444444444, \"#bd3786\"], [0.5555555555555556, \"#d8576b\"], [0.6666666666666666, \"#ed7953\"], [0.7777777777777778, \"#fb9f3a\"], [0.8888888888888888, \"#fdca26\"], [1.0, \"#f0f921\"]], \"type\": \"histogram2dcontour\"}], \"mesh3d\": [{\"colorbar\": {\"outlinewidth\": 0, \"ticks\": \"\"}, \"type\": \"mesh3d\"}], \"parcoords\": [{\"line\": {\"colorbar\": {\"outlinewidth\": 0, \"ticks\": \"\"}}, \"type\": \"parcoords\"}], \"pie\": [{\"automargin\": true, \"type\": \"pie\"}], \"scatter\": [{\"marker\": {\"colorbar\": {\"outlinewidth\": 0, \"ticks\": \"\"}}, \"type\": \"scatter\"}], \"scatter3d\": [{\"line\": {\"colorbar\": {\"outlinewidth\": 0, \"ticks\": \"\"}}, \"marker\": {\"colorbar\": {\"outlinewidth\": 0, \"ticks\": \"\"}}, \"type\": \"scatter3d\"}], \"scattercarpet\": [{\"marker\": {\"colorbar\": {\"outlinewidth\": 0, \"ticks\": \"\"}}, \"type\": \"scattercarpet\"}], \"scattergeo\": [{\"marker\": {\"colorbar\": {\"outlinewidth\": 0, \"ticks\": \"\"}}, \"type\": \"scattergeo\"}], \"scattergl\": [{\"marker\": {\"colorbar\": {\"outlinewidth\": 0, \"ticks\": \"\"}}, \"type\": \"scattergl\"}], \"scattermapbox\": [{\"marker\": {\"colorbar\": {\"outlinewidth\": 0, \"ticks\": \"\"}}, \"type\": \"scattermapbox\"}], \"scatterpolar\": [{\"marker\": {\"colorbar\": {\"outlinewidth\": 0, \"ticks\": \"\"}}, \"type\": \"scatterpolar\"}], \"scatterpolargl\": [{\"marker\": {\"colorbar\": {\"outlinewidth\": 0, \"ticks\": \"\"}}, \"type\": \"scatterpolargl\"}], \"scatterternary\": [{\"marker\": {\"colorbar\": {\"outlinewidth\": 0, \"ticks\": \"\"}}, \"type\": \"scatterternary\"}], \"surface\": [{\"colorbar\": {\"outlinewidth\": 0, \"ticks\": \"\"}, \"colorscale\": [[0.0, \"#0d0887\"], [0.1111111111111111, \"#46039f\"], [0.2222222222222222, \"#7201a8\"], [0.3333333333333333, \"#9c179e\"], [0.4444444444444444, \"#bd3786\"], [0.5555555555555556, \"#d8576b\"], [0.6666666666666666, \"#ed7953\"], [0.7777777777777778, \"#fb9f3a\"], [0.8888888888888888, \"#fdca26\"], [1.0, \"#f0f921\"]], \"type\": \"surface\"}], \"table\": [{\"cells\": {\"fill\": {\"color\": \"#EBF0F8\"}, \"line\": {\"color\": \"white\"}}, \"header\": {\"fill\": {\"color\": \"#C8D4E3\"}, \"line\": {\"color\": \"white\"}}, \"type\": \"table\"}]}, \"layout\": {\"annotationdefaults\": {\"arrowcolor\": \"#2a3f5f\", \"arrowhead\": 0, \"arrowwidth\": 1}, \"coloraxis\": {\"colorbar\": {\"outlinewidth\": 0, \"ticks\": \"\"}}, \"colorscale\": {\"diverging\": [[0, \"#8e0152\"], [0.1, \"#c51b7d\"], [0.2, \"#de77ae\"], [0.3, \"#f1b6da\"], [0.4, \"#fde0ef\"], [0.5, \"#f7f7f7\"], [0.6, \"#e6f5d0\"], [0.7, \"#b8e186\"], [0.8, \"#7fbc41\"], [0.9, \"#4d9221\"], [1, \"#276419\"]], \"sequential\": [[0.0, \"#0d0887\"], [0.1111111111111111, \"#46039f\"], [0.2222222222222222, \"#7201a8\"], [0.3333333333333333, \"#9c179e\"], [0.4444444444444444, \"#bd3786\"], [0.5555555555555556, \"#d8576b\"], [0.6666666666666666, \"#ed7953\"], [0.7777777777777778, \"#fb9f3a\"], [0.8888888888888888, \"#fdca26\"], [1.0, \"#f0f921\"]], \"sequentialminus\": [[0.0, \"#0d0887\"], [0.1111111111111111, \"#46039f\"], [0.2222222222222222, \"#7201a8\"], [0.3333333333333333, \"#9c179e\"], [0.4444444444444444, \"#bd3786\"], [0.5555555555555556, \"#d8576b\"], [0.6666666666666666, \"#ed7953\"], [0.7777777777777778, \"#fb9f3a\"], [0.8888888888888888, \"#fdca26\"], [1.0, \"#f0f921\"]]}, \"colorway\": [\"#636efa\", \"#EF553B\", \"#00cc96\", \"#ab63fa\", \"#FFA15A\", \"#19d3f3\", \"#FF6692\", \"#B6E880\", \"#FF97FF\", \"#FECB52\"], \"font\": {\"color\": \"#2a3f5f\"}, \"geo\": {\"bgcolor\": \"white\", \"lakecolor\": \"white\", \"landcolor\": \"#E5ECF6\", \"showlakes\": true, \"showland\": true, \"subunitcolor\": \"white\"}, \"hoverlabel\": {\"align\": \"left\"}, \"hovermode\": \"closest\", \"mapbox\": {\"style\": \"light\"}, \"paper_bgcolor\": \"white\", \"plot_bgcolor\": \"#E5ECF6\", \"polar\": {\"angularaxis\": {\"gridcolor\": \"white\", \"linecolor\": \"white\", \"ticks\": \"\"}, \"bgcolor\": \"#E5ECF6\", \"radialaxis\": {\"gridcolor\": \"white\", \"linecolor\": \"white\", \"ticks\": \"\"}}, \"scene\": {\"xaxis\": {\"backgroundcolor\": \"#E5ECF6\", \"gridcolor\": \"white\", \"gridwidth\": 2, \"linecolor\": \"white\", \"showbackground\": true, \"ticks\": \"\", \"zerolinecolor\": \"white\"}, \"yaxis\": {\"backgroundcolor\": \"#E5ECF6\", \"gridcolor\": \"white\", \"gridwidth\": 2, \"linecolor\": \"white\", \"showbackground\": true, \"ticks\": \"\", \"zerolinecolor\": \"white\"}, \"zaxis\": {\"backgroundcolor\": \"#E5ECF6\", \"gridcolor\": \"white\", \"gridwidth\": 2, \"linecolor\": \"white\", \"showbackground\": true, \"ticks\": \"\", \"zerolinecolor\": \"white\"}}, \"shapedefaults\": {\"line\": {\"color\": \"#2a3f5f\"}}, \"ternary\": {\"aaxis\": {\"gridcolor\": \"white\", \"linecolor\": \"white\", \"ticks\": \"\"}, \"baxis\": {\"gridcolor\": \"white\", \"linecolor\": \"white\", \"ticks\": \"\"}, \"bgcolor\": \"#E5ECF6\", \"caxis\": {\"gridcolor\": \"white\", \"linecolor\": \"white\", \"ticks\": \"\"}}, \"title\": {\"x\": 0.05}, \"xaxis\": {\"automargin\": true, \"gridcolor\": \"white\", \"linecolor\": \"white\", \"ticks\": \"\", \"title\": {\"standoff\": 15}, \"zerolinecolor\": \"white\", \"zerolinewidth\": 2}, \"yaxis\": {\"automargin\": true, \"gridcolor\": \"white\", \"linecolor\": \"white\", \"ticks\": \"\", \"title\": {\"standoff\": 15}, \"zerolinecolor\": \"white\", \"zerolinewidth\": 2}}}},\n",
       "                        {\"responsive\": true}\n",
       "                    ).then(function(){\n",
       "                            \n",
       "var gd = document.getElementById('4981e272-08d4-497b-a98d-96f313a22b6e');\n",
       "var x = new MutationObserver(function (mutations, observer) {{\n",
       "        var display = window.getComputedStyle(gd).display;\n",
       "        if (!display || display === 'none') {{\n",
       "            console.log([gd, 'removed!']);\n",
       "            Plotly.purge(gd);\n",
       "            observer.disconnect();\n",
       "        }}\n",
       "}});\n",
       "\n",
       "// Listen for the removal of the full notebook cells\n",
       "var notebookContainer = gd.closest('#notebook-container');\n",
       "if (notebookContainer) {{\n",
       "    x.observe(notebookContainer, {childList: true});\n",
       "}}\n",
       "\n",
       "// Listen for the clearing of the current output cell\n",
       "var outputEl = gd.closest('.output');\n",
       "if (outputEl) {{\n",
       "    x.observe(outputEl, {childList: true});\n",
       "}}\n",
       "\n",
       "                        })\n",
       "                };\n",
       "                \n",
       "            </script>\n",
       "        </div>\n",
       "</body>\n",
       "</html>"
      ]
     },
     "metadata": {
      "tags": []
     },
     "output_type": "display_data"
    }
   ],
   "source": [
    "# Plotly code to make a heatmap\n",
    "x=list(df_train.corr().columns)\n",
    "y=list(df_train.corr().index)\n",
    "values=np.array(df_train.corr().values)\n",
    "fig = go.Figure(data=go.Heatmap(\n",
    "    z=values,\n",
    "    x=x,\n",
    "    y=y,\n",
    "                   \n",
    "    \n",
    "                   hoverongaps = False))\n",
    "fig.show()"
   ]
  },
  {
   "cell_type": "markdown",
   "metadata": {
    "id": "muBV8plpiBZW"
   },
   "source": [
    "Conclusion: From the above heatmap we can clearly observe that the target has a high dependance on the city_development_index which means candidates from city with higher amount of development index tends to move towards the field of data science .\n",
    "\n",
    "We also see high correlation of experience of the candidate and the company he applied for which means that most of the candidates try to apply for the companies on the basis of their experience in the field which is kind of a common knowledge .\n",
    "\n",
    "We can also see the dependence of the amount of relevant experience gained by the candidate to the course that he enrolled to the specific university ."
   ]
  },
  {
   "cell_type": "markdown",
   "metadata": {
    "id": "cFTEWZohihwu"
   },
   "source": [
    "# **Box Plot for training hours**"
   ]
  },
  {
   "cell_type": "code",
   "execution_count": 10,
   "metadata": {
    "colab": {
     "base_uri": "https://localhost:8080/",
     "height": 542
    },
    "id": "NK2N7L5WiDKZ",
    "outputId": "598c7453-dfbf-47f0-993c-562e7f454e2e"
   },
   "outputs": [
    {
     "data": {
      "text/html": [
       "<html>\n",
       "<head><meta charset=\"utf-8\" /></head>\n",
       "<body>\n",
       "    <div>\n",
       "            <script src=\"https://cdnjs.cloudflare.com/ajax/libs/mathjax/2.7.5/MathJax.js?config=TeX-AMS-MML_SVG\"></script><script type=\"text/javascript\">if (window.MathJax) {MathJax.Hub.Config({SVG: {font: \"STIX-Web\"}});}</script>\n",
       "                <script type=\"text/javascript\">window.PlotlyConfig = {MathJaxConfig: 'local'};</script>\n",
       "        <script src=\"https://cdn.plot.ly/plotly-latest.min.js\"></script>    \n",
       "            <div id=\"0bcf5c17-6c0f-484f-97cf-feb361fd89cd\" class=\"plotly-graph-div\" style=\"height:525px; width:100%;\"></div>\n",
       "            <script type=\"text/javascript\">\n",
       "                \n",
       "                    window.PLOTLYENV=window.PLOTLYENV || {};\n",
       "                    \n",
       "                if (document.getElementById(\"0bcf5c17-6c0f-484f-97cf-feb361fd89cd\")) {\n",
       "                    Plotly.newPlot(\n",
       "                        '0bcf5c17-6c0f-484f-97cf-feb361fd89cd',\n",
